-553	1_2_22c_525_Ja_Ko	0	0	0
-507	1_2_23c_525_Ja_Ko	1	0	0
-513	1_2_24c_525_Ja_Ko	2	0	0
347	3_2_28a_425_Ro_Mi	0	0	0
324	3_2_29a_425_Ro_Mi	1	0	0
252	3_2_30a_425_Ro_Mi	2	0	0
-532	1_2_34d_425_Ja_Ro	0	0	0
-500	1_2_35d_425_Ja_Ro	1	0	0
-624	1_2_36d_425_Ja_Ro	2	0	0
551	3_2_4b_525_Ar_Mi	0	0	0
601	3_2_5b_525_Ar_Mi	1	0	0
622	3_2_6b_525_Ar_Mi	2	0	1
-530	1_2_22c_525_Ja_Ko	0	1	0
-526	1_2_23c_525_Ja_Ko	1	1	0
-569	1_2_24c_525_Ja_Ko	2	1	0
-553	3_2_28a_425_Ro_Mi	0	1	0
-587	3_2_29a_425_Ro_Mi	1	1	0
-603	3_2_30a_425_Ro_Mi	2	1	0
-298	1_2_34d_425_Ja_Ro	0	1	0
-558	1_2_35d_425_Ja_Ro	1	1	0
-320	1_2_36d_425_Ja_Ro	2	1	0
-372	3_2_4b_525_Ar_Mi	0	1	0
-330	3_2_5b_525_Ar_Mi	1	1	0
-464	3_2_6b_525_Ar_Mi	2	1	0
-310	1_2_22c_525_Ja_Ko	0	1	0
-182	1_2_23c_525_Ja_Ko	1	1	0
-438	1_2_24c_525_Ja_Ko	2	1	0
-436	3_2_28a_425_Ro_Mi	0	1	0
-389	3_2_29a_425_Ro_Mi	1	1	0
-344	3_2_30a_425_Ro_Mi	2	1	0
-203	1_2_34d_425_Ja_Ro	0	1	0
-457	1_2_35d_425_Ja_Ro	1	1	0
-285	1_2_36d_425_Ja_Ro	2	1	0
-337	3_2_4b_525_Ar_Mi	0	1	0
-384	3_2_5b_525_Ar_Mi	1	1	0
-519	3_2_6b_525_Ar_Mi	2	1	0
-594	1_2_22c_525_Ja_Ko	0	1	0
-594	1_2_23c_525_Ja_Ko	1	1	0
-548	1_2_24c_525_Ja_Ko	2	1	3
-414	3_2_28a_425_Ro_Mi	0	1	0
-598	3_2_29a_425_Ro_Mi	1	1	0
-371	3_2_30a_425_Ro_Mi	2	1	0
-615	1_2_34d_425_Ja_Ro	0	1	0
-623	1_2_35d_425_Ja_Ro	1	1	0
-628	1_2_36d_425_Ja_Ro	2	1	0
-326	3_2_4b_525_Ar_Mi	0	1	0
-348	3_2_5b_525_Ar_Mi	1	1	0
-269	3_2_6b_525_Ar_Mi	2	1	0
-474	1_2_22c_525_Ja_Ko	0	1	0
-495	1_2_23c_525_Ja_Ko	1	1	0
-496	1_2_24c_525_Ja_Ko	2	1	0
-571	3_2_28a_425_Ro_Mi	0	1	0
-520	3_2_29a_425_Ro_Mi	1	1	0
-499	3_2_30a_425_Ro_Mi	2	1	0
-623	1_2_34d_425_Ja_Ro	0	1	0
-577	1_2_35d_425_Ja_Ro	1	1	0
-583	1_2_36d_425_Ja_Ro	2	1	0
-505	3_2_4b_525_Ar_Mi	0	1	0
-421	3_2_5b_525_Ar_Mi	1	1	0
-407	3_2_6b_525_Ar_Mi	2	1	0
-361	1_2_22c_525_Ja_Ko	0	1	0
-364	1_2_23c_525_Ja_Ko	1	1	0
-558	1_2_24c_525_Ja_Ko	2	1	0
-223	3_2_28a_425_Ro_Mi	0	1	0
-355	3_2_29a_425_Ro_Mi	1	1	0
-348	3_2_30a_425_Ro_Mi	2	1	3
414	1_2_34d_425_Ja_Ro	0	2	0
461	1_2_35d_425_Ja_Ro	1	2	0
506	1_2_36d_425_Ja_Ro	2	2	0
479	3_2_4b_525_Ar_Mi	0	2	0
521	3_2_5b_525_Ar_Mi	1	2	0
387	3_2_6b_525_Ar_Mi	2	2	0
553	1_2_22c_525_Ja_Ko	0	2	0
293	1_2_23c_525_Ja_Ko	1	2	0
531	1_2_24c_525_Ja_Ko	2	2	0
257	3_2_28a_425_Ro_Mi	0	2	0
257	3_2_29a_425_Ro_Mi	1	2	0
303	3_2_30a_425_Ro_Mi	2	2	0
648	1_2_34d_425_Ja_Ro	0	2	0
394	1_2_35d_425_Ja_Ro	1	2	0
566	1_2_36d_425_Ja_Ro	2	2	0
376	3_2_4b_525_Ar_Mi	0	2	0
355	3_2_5b_525_Ar_Mi	1	2	0
354	3_2_6b_525_Ar_Mi	2	2	0
489	1_2_22c_525_Ja_Ko	0	2	0
486	1_2_23c_525_Ja_Ko	1	2	0
292	1_2_24c_525_Ja_Ko	2	2	0
228	3_2_28a_425_Ro_Mi	0	2	0
274	3_2_29a_425_Ro_Mi	1	2	0
268	3_2_30a_425_Ro_Mi	2	2	0
298	1_2_34d_425_Ja_Ro	0	2	0
264	1_2_35d_425_Ja_Ro	1	2	0
248	1_2_36d_425_Ja_Ro	2	2	3
513	3_2_4b_525_Ar_Mi	0	2	0
466	3_2_5b_525_Ar_Mi	1	2	0
331	3_2_6b_525_Ar_Mi	2	2	0
541	1_2_22c_525_Ja_Ko	0	2	0
669	1_2_23c_525_Ja_Ko	1	2	0
413	1_2_24c_525_Ja_Ko	2	2	0
345	3_2_28a_425_Ro_Mi	0	2	0
429	3_2_29a_425_Ro_Mi	1	2	0
443	3_2_30a_425_Ro_Mi	2	2	0
628	1_2_34d_425_Ja_Ro	0	2	0
496	1_2_35d_425_Ja_Ro	1	2	0
503	1_2_36d_425_Ja_Ro	2	2	0
436	3_2_4b_525_Ar_Mi	0	2	0
252	3_2_5b_525_Ar_Mi	1	2	0
479	3_2_6b_525_Ar_Mi	2	2	0
236	1_2_22c_525_Ja_Ko	0	2	0
228	1_2_23c_525_Ja_Ko	1	2	0
223	1_2_24c_525_Ja_Ko	2	2	0
280	3_2_28a_425_Ro_Mi	0	2	0
331	3_2_29a_425_Ro_Mi	1	2	0
352	3_2_30a_425_Ro_Mi	2	2	0
321	1_2_34d_425_Ja_Ro	0	2	0
325	1_2_35d_425_Ja_Ro	1	2	0
282	1_2_36d_425_Ja_Ro	2	2	0
525	3_2_4b_525_Ar_Mi	0	2	0
503	3_2_5b_525_Ar_Mi	1	2	0
582	3_2_6b_525_Ar_Mi	2	2	3
-341	1_2_22c_525_Ja_Ko	0	3	0
-412	1_2_23c_525_Ja_Ko	1	3	0
-223	1_2_24c_525_Ja_Ko	2	3	0
-499	3_2_28a_425_Ro_Mi	0	3	0
-541	3_2_29a_425_Ro_Mi	1	3	0
-444	3_2_30a_425_Ro_Mi	2	3	0
-429	1_2_34d_425_Ja_Ro	0	3	0
-294	1_2_35d_425_Ja_Ro	1	3	0
-279	1_2_36d_425_Ja_Ro	2	3	0
-59	3_2_4b_525_Ar_Mi	0	3	0
-70	3_2_5b_525_Ar_Mi	1	3	0
-237	3_2_6b_525_Ar_Mi	2	3	0
-355	1_2_22c_525_Ja_Ko	0	3	0
-303	1_2_23c_525_Ja_Ko	1	3	0
-294	1_2_24c_525_Ja_Ko	2	3	0
-145	3_2_28a_425_Ro_Mi	0	3	0
-242	3_2_29a_425_Ro_Mi	1	3	0
-261	3_2_30a_425_Ro_Mi	2	3	0
-434	1_2_34d_425_Ja_Ro	0	3	0
-457	1_2_35d_425_Ja_Ro	1	3	0
-529	1_2_36d_425_Ja_Ro	2	3	0
-115	3_2_4b_525_Ar_Mi	0	3	0
-316	3_2_5b_525_Ar_Mi	1	3	0
-207	3_2_6b_525_Ar_Mi	2	3	0
-462	1_2_22c_525_Ja_Ko	0	3	0
-430	1_2_23c_525_Ja_Ko	1	3	0
-554	1_2_24c_525_Ja_Ko	2	3	3
-196	3_2_28a_425_Ro_Mi	0	3	0
-95	3_2_29a_425_Ro_Mi	1	3	0
-182	3_2_30a_425_Ro_Mi	2	3	0
-295	1_2_34d_425_Ja_Ro	0	3	0
-230	1_2_35d_425_Ja_Ro	1	3	0
-300	1_2_36d_425_Ja_Ro	2	3	0
-444	3_2_4b_525_Ar_Mi	0	3	0
-463	3_2_5b_525_Ar_Mi	1	3	0
-477	3_2_6b_525_Ar_Mi	2	3	0
-100	1_2_22c_525_Ja_Ko	0	3	0
-159	1_2_23c_525_Ja_Ko	1	3	0
-242	1_2_24c_525_Ja_Ko	2	3	0
-124	3_2_28a_425_Ro_Mi	0	3	0
-168	3_2_29a_425_Ro_Mi	1	3	0
-168	3_2_30a_425_Ro_Mi	2	3	0
-226	1_2_34d_425_Ja_Ro	0	3	0
-261	1_2_35d_425_Ja_Ro	1	3	0
-172	1_2_36d_425_Ja_Ro	2	3	0
-407	3_2_4b_525_Ar_Mi	0	3	0
-237	3_2_5b_525_Ar_Mi	1	3	0
-342	3_2_6b_525_Ar_Mi	2	3	0
-260	1_2_22c_525_Ja_Ko	0	3	0
-308	1_2_23c_525_Ja_Ko	1	3	0
-406	1_2_24c_525_Ja_Ko	2	3	0
-536	3_2_28a_425_Ro_Mi	0	3	0
-465	3_2_29a_425_Ro_Mi	1	3	0
-513	3_2_30a_425_Ro_Mi	2	3	3
709	1_2_34d_425_Ja_Ro	0	4	0
638	1_2_35d_425_Ja_Ro	1	4	0
827	1_2_36d_425_Ja_Ro	2	4	0
643	3_2_4b_525_Ar_Mi	0	4	0
813	3_2_5b_525_Ar_Mi	1	4	0
708	3_2_6b_525_Ar_Mi	2	4	0
927	1_2_22c_525_Ja_Ko	0	4	0
883	1_2_23c_525_Ja_Ko	1	4	0
883	1_2_24c_525_Ja_Ko	2	4	0
790	3_2_28a_425_Ro_Mi	0	4	0
742	3_2_29a_425_Ro_Mi	1	4	0
644	3_2_30a_425_Ro_Mi	2	4	0
755	1_2_34d_425_Ja_Ro	0	4	0
820	1_2_35d_425_Ja_Ro	1	4	0
750	1_2_36d_425_Ja_Ro	2	4	0
936	3_2_4b_525_Ar_Mi	0	4	0
735	3_2_5b_525_Ar_Mi	1	4	0
844	3_2_6b_525_Ar_Mi	2	4	0
906	1_2_22c_525_Ja_Ko	0	4	0
809	1_2_23c_525_Ja_Ko	1	4	0
790	1_2_24c_525_Ja_Ko	2	4	0
607	3_2_28a_425_Ro_Mi	0	4	0
588	3_2_29a_425_Ro_Mi	1	4	0
574	3_2_30a_425_Ro_Mi	2	4	0
617	1_2_34d_425_Ja_Ro	0	4	0
594	1_2_35d_425_Ja_Ro	1	4	0
522	1_2_36d_425_Ja_Ro	2	4	3
992	3_2_4b_525_Ar_Mi	0	4	0
981	3_2_5b_525_Ar_Mi	1	4	0
814	3_2_6b_525_Ar_Mi	2	4	0
589	1_2_22c_525_Ja_Ko	0	4	0
621	1_2_23c_525_Ja_Ko	1	4	0
497	1_2_24c_525_Ja_Ko	2	4	0
621	3_2_28a_425_Ro_Mi	0	4	0
756	3_2_29a_425_Ro_Mi	1	4	0
771	3_2_30a_425_Ro_Mi	2	4	0
540	1_2_34d_425_Ja_Ro	0	4	0
641	1_2_35d_425_Ja_Ro	1	4	0
554	1_2_36d_425_Ja_Ro	2	4	0
552	3_2_4b_525_Ar_Mi	0	4	0
510	3_2_5b_525_Ar_Mi	1	4	0
607	3_2_6b_525_Ar_Mi	2	4	0
951	1_2_22c_525_Ja_Ko	0	4	0
892	1_2_23c_525_Ja_Ko	1	4	0
809	1_2_24c_525_Ja_Ko	2	4	0
515	3_2_28a_425_Ro_Mi	0	4	0
586	3_2_29a_425_Ro_Mi	1	4	0
538	3_2_30a_425_Ro_Mi	2	4	0
695	1_2_34d_425_Ja_Ro	0	4	0
747	1_2_35d_425_Ja_Ro	1	4	0
756	1_2_36d_425_Ja_Ro	2	4	0
825	3_2_4b_525_Ar_Mi	0	4	0
790	3_2_5b_525_Ar_Mi	1	4	0
879	3_2_6b_525_Ar_Mi	2	4	99
